# This puzzle is unsolvable
11
  42   1  74  48 101   8  75 106 116  96  28
 112   7 115  44  89  22  57 108  45   9  16
  43 114  92  25  47  41  11 102  51  54 117
  39   5   4 107  73   3   2 100 103  76  50
  94  10  83 110  21  40  31  56  33  49  24
  63  32  66  97  37  70  78 119  14  82 104
  91  64  72  95   0 111  26  86  68  59  12
  90  80  35   6  69  17  36  52  65  60  46
  27  30  38 105  19  71  87  84  98  13  55
 113  29  77 118  81  88 120  20  58  79  93
  61 109  67  23  85  34  62  99  18  15  53
