 2 13  4  3
14  8 10  9
12  0  1  5
15  6  7 11
==============
 2 13  4  3
14  0 10  9
12  8  1  5
15  6  7 11
==============
 2 13  4  3
14 10  0  9
12  8  1  5
15  6  7 11
==============
 2 13  4  3
14 10  1  9
12  8  0  5
15  6  7 11
==============
 2 13  4  3
14 10  1  9
12  0  8  5
15  6  7 11
==============
 2 13  4  3
14  0  1  9
12 10  8  5
15  6  7 11
==============
 2 13  4  3
 0 14  1  9
12 10  8  5
15  6  7 11
==============
 2 13  4  3
12 14  1  9
 0 10  8  5
15  6  7 11
==============
 2 13  4  3
12 14  1  9
10  0  8  5
15  6  7 11
==============
 2 13  4  3
12 14  1  9
10  6  8  5
15  0  7 11
==============
 2 13  4  3
12 14  1  9
10  6  8  5
 0 15  7 11
==============
 2 13  4  3
12 14  1  9
 0  6  8  5
10 15  7 11
==============
 2 13  4  3
12 14  1  9
 6  0  8  5
10 15  7 11
==============
 2 13  4  3
12 14  1  9
 6 15  8  5
10  0  7 11
==============
 2 13  4  3
12 14  1  9
 6 15  8  5
10  7  0 11
==============
 2 13  4  3
12 14  1  9
 6 15  0  5
10  7  8 11
==============
 2 13  4  3
12 14  1  9
 6  0 15  5
10  7  8 11
==============
 2 13  4  3
12  0  1  9
 6 14 15  5
10  7  8 11
==============
 2 13  4  3
12  1  0  9
 6 14 15  5
10  7  8 11
==============
 2 13  4  3
12  1  9  0
 6 14 15  5
10  7  8 11
==============
 2 13  4  3
12  1  9  5
 6 14 15  0
10  7  8 11
==============
 2 13  4  3
12  1  9  5
 6 14  0 15
10  7  8 11
==============
 2 13  4  3
12  1  0  5
 6 14  9 15
10  7  8 11
==============
 2 13  4  3
12  0  1  5
 6 14  9 15
10  7  8 11
==============
 2 13  4  3
12 14  1  5
 6  0  9 15
10  7  8 11
==============
 2 13  4  3
12 14  1  5
 6  9  0 15
10  7  8 11
==============
 2 13  4  3
12 14  1  5
 6  9 15  0
10  7  8 11
==============
 2 13  4  3
12 14  1  5
 6  9 15 11
10  7  8  0
==============
 2 13  4  3
12 14  1  5
 6  9 15 11
10  7  0  8
==============
 2 13  4  3
12 14  1  5
 6  9 15 11
10  0  7  8
==============
 2 13  4  3
12 14  1  5
 6  0 15 11
10  9  7  8
==============
 2 13  4  3
12  0  1  5
 6 14 15 11
10  9  7  8
==============
 2 13  4  3
12  1  0  5
 6 14 15 11
10  9  7  8
==============
 2 13  4  3
12  1 15  5
 6 14  0 11
10  9  7  8
==============
 2 13  4  3
12  1 15  5
 6  0 14 11
10  9  7  8
==============
 2 13  4  3
12  1 15  5
 0  6 14 11
10  9  7  8
==============
 2 13  4  3
 0  1 15  5
12  6 14 11
10  9  7  8
==============
 2 13  4  3
 1  0 15  5
12  6 14 11
10  9  7  8
==============
 2  0  4  3
 1 13 15  5
12  6 14 11
10  9  7  8
==============
 0  2  4  3
 1 13 15  5
12  6 14 11
10  9  7  8
==============
 1  2  4  3
 0 13 15  5
12  6 14 11
10  9  7  8
==============
 1  2  4  3
13  0 15  5
12  6 14 11
10  9  7  8
==============
 1  2  4  3
13 15  0  5
12  6 14 11
10  9  7  8
==============
 1  2  4  3
13 15 14  5
12  6  0 11
10  9  7  8
==============
 1  2  4  3
13 15 14  5
12  0  6 11
10  9  7  8
==============
 1  2  4  3
13  0 14  5
12 15  6 11
10  9  7  8
==============
 1  2  4  3
 0 13 14  5
12 15  6 11
10  9  7  8
==============
 1  2  4  3
12 13 14  5
 0 15  6 11
10  9  7  8
==============
 1  2  4  3
12 13 14  5
15  0  6 11
10  9  7  8
==============
 1  2  4  3
12 13 14  5
15  6  0 11
10  9  7  8
==============
 1  2  4  3
12 13 14  5
15  6 11  0
10  9  7  8
==============
 1  2  4  3
12 13 14  5
15  6 11  8
10  9  7  0
==============
 1  2  4  3
12 13 14  5
15  6 11  8
10  9  0  7
==============
 1  2  4  3
12 13 14  5
15  6  0  8
10  9 11  7
==============
 1  2  4  3
12 13 14  5
15  0  6  8
10  9 11  7
==============
 1  2  4  3
12 13 14  5
 0 15  6  8
10  9 11  7
==============
 1  2  4  3
12 13 14  5
10 15  6  8
 0  9 11  7
==============
 1  2  4  3
12 13 14  5
10 15  6  8
 9  0 11  7
==============
 1  2  4  3
12 13 14  5
10 15  6  8
 9 11  0  7
==============
 1  2  4  3
12 13 14  5
10 15  0  8
 9 11  6  7
==============
 1  2  4  3
12 13 14  5
10  0 15  8
 9 11  6  7
==============
 1  2  4  3
12 13 14  5
10 11 15  8
 9  0  6  7
==============
 1  2  4  3
12 13 14  5
10 11 15  8
 0  9  6  7
==============
 1  2  4  3
12 13 14  5
 0 11 15  8
10  9  6  7
==============
 1  2  4  3
12 13 14  5
11  0 15  8
10  9  6  7
==============
 1  2  4  3
12 13 14  5
11 15  0  8
10  9  6  7
==============
 1  2  4  3
12 13 14  5
11 15  8  0
10  9  6  7
==============
 1  2  4  3
12 13 14  5
11 15  8  7
10  9  6  0
==============
 1  2  4  3
12 13 14  5
11 15  8  7
10  9  0  6
==============
 1  2  4  3
12 13 14  5
11 15  0  7
10  9  8  6
==============
 1  2  4  3
12 13 14  5
11  0 15  7
10  9  8  6
==============
 1  2  4  3
12 13 14  5
11  9 15  7
10  0  8  6
==============
 1  2  4  3
12 13 14  5
11  9 15  7
10  8  0  6
==============
 1  2  4  3
12 13 14  5
11  9 15  7
10  8  6  0
==============
 1  2  4  3
12 13 14  5
11  9 15  0
10  8  6  7
==============
 1  2  4  3
12 13 14  5
11  9  0 15
10  8  6  7
==============
 1  2  4  3
12 13 14  5
11  9  6 15
10  8  0  7
==============
 1  2  4  3
12 13 14  5
11  9  6 15
10  0  8  7
==============
 1  2  4  3
12 13 14  5
11  0  6 15
10  9  8  7
==============
 1  2  4  3
12 13 14  5
11  6  0 15
10  9  8  7
==============
 1  2  4  3
12 13 14  5
11  6 15  0
10  9  8  7
==============
 1  2  4  3
12 13 14  0
11  6 15  5
10  9  8  7
==============
 1  2  4  0
12 13 14  3
11  6 15  5
10  9  8  7
==============
 1  2  0  4
12 13 14  3
11  6 15  5
10  9  8  7
==============
 1  0  2  4
12 13 14  3
11  6 15  5
10  9  8  7
==============
 1 13  2  4
12  0 14  3
11  6 15  5
10  9  8  7
==============
 1 13  2  4
12 14  0  3
11  6 15  5
10  9  8  7
==============
 1 13  2  4
12 14  3  0
11  6 15  5
10  9  8  7
==============
 1 13  2  4
12 14  3  5
11  6 15  0
10  9  8  7
==============
 1 13  2  4
12 14  3  5
11  6  0 15
10  9  8  7
==============
 1 13  2  4
12 14  3  5
11  0  6 15
10  9  8  7
==============
 1 13  2  4
12  0  3  5
11 14  6 15
10  9  8  7
==============
 1  0  2  4
12 13  3  5
11 14  6 15
10  9  8  7
==============
 1  2  0  4
12 13  3  5
11 14  6 15
10  9  8  7
==============
 1  2  3  4
12 13  0  5
11 14  6 15
10  9  8  7
==============
 1  2  3  4
12 13  6  5
11 14  0 15
10  9  8  7
==============
 1  2  3  4
12 13  6  5
11  0 14 15
10  9  8  7
==============
 1  2  3  4
12  0  6  5
11 13 14 15
10  9  8  7
==============
 1  2  3  4
12  6  0  5
11 13 14 15
10  9  8  7
==============
 1  2  3  4
12  6 14  5
11 13  0 15
10  9  8  7
==============
 1  2  3  4
12  6 14  5
11 13 15  0
10  9  8  7
==============
 1  2  3  4
12  6 14  0
11 13 15  5
10  9  8  7
==============
 1  2  3  4
12  6  0 14
11 13 15  5
10  9  8  7
==============
 1  2  3  4
12  0  6 14
11 13 15  5
10  9  8  7
==============
 1  2  3  4
12 13  6 14
11  0 15  5
10  9  8  7
==============
 1  2  3  4
12 13  6 14
11 15  0  5
10  9  8  7
==============
 1  2  3  4
12 13  0 14
11 15  6  5
10  9  8  7
==============
 1  2  3  4
12 13 14  0
11 15  6  5
10  9  8  7
==============
 1  2  3  4
12 13 14  5
11 15  6  0
10  9  8  7
==============
 1  2  3  4
12 13 14  5
11 15  0  6
10  9  8  7
==============
 1  2  3  4
12 13 14  5
11  0 15  6
10  9  8  7
==============
